vertex_data:11.173,-1.522,8.367,5.778,11.579,4.011,4.052,5.506,-0.173,4.398,-9.699,6.446,-1.542,-1.972,-9.763,-0.971,-1.734,8.837,-2.206,8.671,-1.262,9.003,0.299,4.564,-0.644,4.232,-1.734,8.837,-1.734,8.837,-0.173,4.398,-0.173,4.398,11.081,4.047,12.078,3.974,11.672,-1.559,10.675,-1.486,11.579,4.011,11.579,4.011,11.173,-1.522,11.173,-1.522,-9.263,-0.975,-10.263,-0.966,-10.231,2.742,-9.231,2.733,-9.231,2.733,-10.231,2.742,-10.199,6.45,-9.199,6.441,-9.763,-0.971,-9.763,-0.971,-9.699,6.446,-9.699,6.446,11.496,-0.749,11.55,-2.271,7.175,-2.425,7.161,-0.903,7.161,-0.903,7.175,-2.425,2.8,-2.579,2.826,-1.057,2.826,-1.057,2.8,-2.579,-1.575,-2.733,-1.509,-1.211,-1.509,-1.211,-1.575,-2.733,-5.888,-2.209,-5.764,-0.692,-5.764,-0.692,-5.888,-2.209,-10.202,-1.685,-10.018,-0.172,11.523,-1.51,11.523,-1.51,-10.11,-0.928,-10.11,-0.928,-9.317,5.174,-10.081,7.718,-6.098,8.914,-5.334,6.37,-5.334,6.37,-6.098,8.914,-2.116,10.109,-1.352,7.565,-10.081,7.718,-9.317,5.174,-10.274,4.886,-11.038,7.43,-1.158,10.397,-0.394,7.853,-1.352,7.565,-2.116,10.109,0.164,3.113,-0.51,5.683,3.841,6.817,4.264,4.194,4.264,4.194,3.841,6.817,8.657,7.075,8.077,4.482,8.077,4.482,8.657,7.075,12.22,5.174,10.939,2.847,-0.51,5.683,0.164,3.113,-0.803,2.86,-1.477,5.429,13.096,4.692,11.815,2.365,10.939,2.847,12.22,5.174,

indices:0,1,2,0,3,1,0,4,3,0,5,4,6,5,0,5,6,7,8,4,5,9,10,11,12,9,11,13,14,14,13,13,14,15,16,16,15,15,16,17,18,19,20,17,19,21,22,22,21,21,22,23,24,24,23,23,24,25,26,27,28,25,27,29,30,31,32,29,31,33,34,34,33,33,34,35,36,36,35,35,36,37,38,39,40,37,39,41,42,43,44,41,43,45,46,47,48,45,47,49,50,51,52,49,51,53,54,55,56,53,55,57,58,58,57,57,58,59,60,60,59,59,60,61,62,63,64,61,63,65,66,67,68,65,67,69,70,71,72,69,71,73,74,75,76,73,75,77,78,79,80,77,79,81,82,83,84,81,83,85,86,87,88,85,87,89,90,91,92,89,91,93,94,95,96,93,95,

uvs:2.925431,-0.5690539,2.574603,0.3435542,2.976157,0.122594,2.035312,0.3094598,1.507148,0.1710115,0.3164262,0.4269556,1.336017,-0.6252215,0.3084158,-0.5000915,1.311983,0.7259219,0.02539063,0.4238281,0.02539063,0.5488281,0.4511719,0.5488281,0.4511719,0.4238281,0,1,0,1,0,1,0,1,0.02539063,0.4238281,0.02539063,0.5488281,0.4511719,0.5488281,0.4511719,0.4238281,0,1,0,1,0,1,0,1,0.01074219,0.4238281,0.01074219,0.5488281,0.4638672,0.5488281,0.4638672,0.4238281,0.01074219,0.4238281,0.01074219,0.5488281,0.4638672,0.5488281,0.4638672,0.4238281,0,1,0,1,0,1,0,1,0.5097656,0.4207031,0.5097656,0.6111328,0.9609375,0.6111328,0.9609375,0.4207031,0.5097656,0.4207031,0.5097656,0.6111328,0.9609375,0.6111328,0.9609375,0.4207031,0.5097656,0.4207031,0.5097656,0.6111328,0.9609375,0.6111328,0.9609375,0.4207031,0.5097656,0.4207031,0.5097656,0.6111328,0.9609375,0.6111328,0.9609375,0.4207031,0.5097656,0.4207031,0.5097656,0.6111328,0.9609375,0.6111328,0.9609375,0.4207031,0,1,0,1,0,1,0,1,0.5,0.6035156,0.5,0.9355469,0.875,0.9355469,0.875,0.6035156,0.5,0.6035156,0.5,0.9355469,0.875,0.9355469,0.875,0.6035156,0.125,0.9355469,0.125,0.6035156,0,0.6035156,0,0.9355469,1,0.9355469,1,0.6035156,0.875,0.6035156,0.875,0.9355469,0.5,0.6035156,0.5,0.9355469,0.875,0.9355469,0.875,0.6035156,0.5,0.6035156,0.5,0.9355469,0.875,0.9355469,0.875,0.6035156,0.5,0.6035156,0.5,0.9355469,0.875,0.9355469,0.875,0.6035156,0.125,0.9355469,0.125,0.6035156,0,0.6035156,0,0.9355469,1,0.9355469,1,0.6035156,0.875,0.6035156,0.875,0.9355469,

-